<<<<<<< HEAD
NewYork -46 80 59 112 12 -60 -30
London 0 -57 27 -57 -20 -8 132
Paris 119 84 -7 43 -20 40 -48
Tokyo -28 103 -2 9 8 -36 2
Sydney 88 5 51 28 -55 -2 -67
MexicoCity 0 -3 84 47 84 65 -10
Berlin -63 -3 -14 53 -43 -24 106
Lviv 89 -81 28 36 26 48 142
CapeTown -20 -52 -33 48 39 -11 -54
Kiev -52 129 -2 4 -32 158 19
=======
NewYork 12 -37 8 8 24 -26 19
London 15 -34 8 -3 2 34 20
Paris 25 7 38 24 16 1 44
Tokyo 39 9 -14 -15 -11 -2 -13
Sydney 13 -9 19 8 17 14 19
MexicoCity 5 14 10 17 15 3 23
Berlin 6 28 20 20 44 0 -7
Lviv 45 -2 -2 20 -7 20 21
CapeTown 15 12 -26 -16 5 -22 14
Kiev 7 -19 -2 23 27 -19 -22
>>>>>>> b690979995ddbb4086e6237ab383e988794aecce
